BASELINE 7x7

optimization time:  7374.795094966888
end optimization
turbine_x = np.array([-400.        , 1340.74743765, 1640.00619292, 2570.77817285,
       3030.2188474 , 5480.        , 5480.        , -400.        ,
        706.94273508, 1769.98067136, 2086.85995351, 3789.45326298,
       4589.9999132 , 5480.        , -400.        ,  570.00805934,
       1740.74169182, 2259.99907449, 3260.00003451, 4580.00142738,
       5480.        , -400.        ,   60.00462569, 1809.99457246,
       2699.99769248, 3535.14306046, 4490.05819115, 5480.        ,
       -400.        ,  539.99948882, 1560.00025661, 3060.00005273,
       3410.00121144, 3670.00888214, 5480.        , -399.9998083 ,
        580.00052014, 2066.80086422, 2359.93937375, 3610.00299294,
       4360.00059864, 5480.        , -400.        , 1460.00023172,
       1918.39138441, 2208.93642925, 3000.00662206, 3969.99703028,
       5480.        ])
turbine_y = np.array([-3400.        , -3400.        , -3150.76464536, -3400.        ,
       -3269.996863  , -3330.00564251, -2986.62229316, -2639.25090319,
       -1901.7978694 , -2788.83912134, -2439.14332026, -2054.06047365,
       -2299.24766487, -2678.62177524, -1458.61874277, -1339.25654382,
       -1789.99264804, -1680.75424662,  -819.25031856, -1460.73526356,
       -1309.23671135,  -113.08877267,  -220.74756859,  -359.24983197,
         109.24689883,  -680.82941535,  -558.27775795,  -259.26837141,
         200.74984294,   450.74948686,   570.75011145,   469.04069253,
         697.32305545,   350.75133144,   949.21580204,  1209.23883688,
        1409.25497851,  1593.26112492,  1687.78014592,  1170.75002127,
        1819.99972556,  1419.21485413,  2480.        ,  2369.21652038,
        2076.85836972,  1974.63064575,  2216.52247179,  2480.        ,
        2480.        ])
optimized power:  29176294.389001627
optimized objective:  -1.444521518537156


BASELINE 9x9
optimization time:  3375.3119099140167
end optimization
turbine_x = np.array([-400.        ,  754.99999909, 1052.83676589, 1689.2005731 ,
       2510.55361542, 2957.00946669, 4178.95259246, 4697.43151051,
       5480.        , -400.        ,  499.99347662, 1110.96835149,
       1770.51469564, 2127.92594172, 3249.99544354, 3941.36214396,
       4570.62193723, 5480.        , -399.9757191 ,  458.75828684,
       1233.82095085, 1968.56261477, 2397.65204263, 3261.59045738,
       4116.03015597, 4709.80396739, 5480.        , -400.        ,
        430.03460892, 1279.96666202, 1840.25268225, 2470.18153825,
       3120.31390693, 4240.00078033, 4770.04364317, 5480.        ,
       -400.        ,  474.21686423,  775.9476752 , 1856.36470304,
       2740.00210153, 3219.59505645, 4240.71253586, 4640.99486518,
       5480.        , -400.        ,  398.22005926, 1036.66914511,
       1879.88528686, 2610.16353139, 3053.34154212, 3851.72682904,
       4607.59665126, 5480.        , -282.75919939,  348.14970742,
       1189.99143844, 1524.9368531 , 2827.40599704, 3262.54641516,
       3670.03180442, 4420.0282106 , 5480.        , -350.66627385,
        290.00290506, 1277.85136274, 1852.98606174, 2549.99043107,
       3393.81320426, 4222.44428824, 4700.12094257, 5480.        ,
       -400.        ,  934.52935797, 1456.34746144, 2100.72831103,
       2394.98415085, 2981.56921767, 4039.95710442, 4299.1340268 ,
       5480.        ])
turbine_y = np.array([-3400.        , -3400.        , -3274.98027496, -3170.44874913,
       -3399.99999976, -3059.52929007, -3399.99999997, -3301.86329296,
       -3073.64687749, -2691.39005236, -3011.17035258, -2562.04118457,
       -2779.74657155, -2415.66638425, -2882.49907323, -2659.24976211,
       -2571.35663861, -2765.8444579 , -1870.01087001, -2008.11152058,
       -1640.7119382 , -2153.38494845, -1760.57486879, -1862.98226876,
       -2019.11253354, -1932.90232372, -2149.11541802,  -848.74995807,
       -1310.30921824, -1009.70971795,  -749.54013896, -1130.69895573,
        -869.28815322,  -991.72230626,  -734.73526695, -1430.7431081 ,
          19.21503101,  -379.16549237,  -288.55279514,  -148.77136308,
        -247.09357373,  -578.6714879 ,  -118.81357093,  -371.7807356 ,
        -262.63815103,   499.88860929,   279.25247741,   385.72480224,
         703.04610458,   599.02175379,   130.6375273 ,   500.98542314,
         399.18463009,   283.96636489,  1030.74548525,  1218.95714813,
        1123.68281012,   909.25642865,  1325.62849285,   812.26427245,
        1138.14477587,   710.36291337,   972.62035156,  1589.76188248,
        1705.40892548,  1918.97973568,  1820.00084994,  1598.00375102,
        1916.9244411 ,  1729.35037757,  1489.71189389,  1625.62976501,
        2480.        ,  2480.        ,  2369.29821403,  2015.54330676,
        2105.75568362,  2206.64460852,  2311.64328139,  2480.        ,
        2480.        ])
optimized power:  45583880.900366165
optimized objective:  -1.5830678636040074



BASELINE 10x10
optimization time:  7580.702975034714
end optimization
turbine_x = np.array([-400.        ,  288.80441154, 1084.34138721, 1651.6694975 ,
       2165.74168043, 3031.25648731, 3444.43623515, 4061.25597517,
       5062.52305935, 5480.        , -400.        ,  278.90571989,
       1110.34199162, 1779.40370673, 2220.69215766, 2789.44554251,
       3916.80124516, 4126.08557209, 4710.06822714, 5479.99999893,
       -400.        ,  270.03359055,  749.48645266, 1825.20582164,
       2109.60614094, 2798.24995446, 3609.04299202, 4060.05664939,
       4621.63912084, 5479.99999946, -400.        ,  259.78535429,
        980.18022751, 1670.23959747, 1959.01352891, 2760.01340333,
       3339.98572756, 4150.2709169 , 4817.26199563, 5479.99999926,
       -400.        ,  380.09585326,  842.29309545, 1816.59948475,
       2110.05218701, 2679.92506789, 3509.19793915, 4139.58475281,
       4740.36097041, 5480.        , -400.        ,  366.08564747,
        748.36586258, 1442.00766639, 2309.26209351, 2810.8391908 ,
       3470.57001138, 4140.96292835, 4530.83418631, 5479.99999843,
       -400.        ,  268.28366557,  944.19826228, 1472.34770601,
       2213.18388962, 2690.01715666, 3532.89642945, 4386.06313919,
       4679.75558296, 5480.        , -400.        ,  330.04229508,
        910.20907432, 1553.36656251, 2237.41086134, 2630.672929  ,
       3411.52902606, 4040.87838233, 4886.32265286, 5480.        ,
       -357.78699822,  402.00079933,  980.92306863, 2030.91271106,
       2150.42505462, 2792.4151413 , 3478.30794765, 4414.46743286,
       5002.21156968, 5479.999999  , -400.        ,  333.0924665 ,
       1287.67092806, 1640.20077488, 2199.99695429, 2620.67825593,
       3579.94632597, 3937.01776143, 4787.37741645, 5479.99999943])
turbine_y = np.array([-3400.        , -3399.99999932, -3400.        , -3151.63065489,
       -3400.        , -3300.44539468, -3222.20666186, -3400.        ,
       -3400.        , -3105.95275752, -2759.30353981, -2661.37652649,
       -2558.92756721, -2781.42065988, -3018.20084854, -2918.03689736,
       -2564.36533947, -2789.48535527, -2877.64487889, -2685.47992447,
       -2018.84788771, -1920.51776107, -2128.22073485, -2299.29416927,
       -2416.51806925, -1884.10958145, -2201.24322942, -1781.24814146,
       -1990.45718975, -2092.1205422 , -1479.27849665, -1270.71831905,
       -1383.29513816, -1683.3149334 , -1786.74003922, -1569.26601972,
       -1184.44998688, -1471.98167033, -1310.0228568 , -1397.75795159,
        -839.6312292 ,  -614.99461175,  -725.47429135,  -997.57481436,
       -1087.61562828,  -899.18413697,  -522.91929525,  -766.59311368,
        -855.48994637,  -654.87622666,  -190.29182954,  -299.27834433,
         121.17564104,   -45.73195361,  -207.49300256,  -419.99970104,
        -122.69495682,  -317.0805847 ,   160.91882825,   -43.82871095,
         225.71594822,   570.90897467,   357.99417941,   452.70522128,
         718.4048245 ,    59.6668098 ,   551.64102807,   898.84173338,
         804.67541234,   640.26197621,  1230.22129581,  1131.28893495,
         869.03007173,  1335.48533359,  1024.56764696,  1117.94547535,
        1252.40777142,  1380.75098266,  1150.0677294 ,  1240.50182451,
        1590.02713852,  1939.12533562,  1839.98556844,  1724.53815273,
        1441.4271587 ,  1621.88265408,  1765.27852737,  1550.56285642,
        1674.80719378,  1854.82581676,  2480.        ,  2480.        ,
        2480.        ,  2051.05947055,  2150.17752944,  2253.30422967,
        2378.08384914,  2480.        ,  2480.        ,  2479.99999964])
optimized power:  53889871.6251662
optimized objective:  -1.6095263851291493